version https://git-lfs.github.com/spec/v1
oid sha256:231e15920bf491331222863c488bfa4e1bce2fe76416dcab30b7234d57050b22
size 468167
